ID,Population
1,4
2,3
3,20
4,14
5,13
6,9
7,25
8,4
9,20
10,5
11,9
12,15
13,16
14,8
15,25
16,6
17,17
18,15
19,17
20,12
21,7
22,23
23,0
24,1
25,10
26,20
27,17
28,9
29,13
30,6
31,9
32,7
33,11
34,10
35,9
36,13
37,9
38,22
39,25
40,13
41,13
42,8
43,6
44,25
45,4
46,5
47,9
48,19
49,4
50,13
51,4
52,7
53,24
54,7
55,6
56,10
57,25
58,3
59,0
60,14
61,11
62,22
63,25
64,8
65,8
66,23
67,2
68,15
69,5
70,4
71,14
72,5
73,9
74,7
75,15
76,21
77,2
78,11
79,15
80,9
81,23
82,4
83,21
84,22
85,5
86,17
87,9
88,16
89,10
90,20
91,17
92,13
93,7
94,22
95,21
96,14
97,10
98,14
99,7
100,3
101,11
102,22
103,4
104,11
105,11
106,25
107,14
108,6
109,18
110,25
111,2
112,23
113,25
114,13
115,24
116,15
117,15
118,25
119,7
120,20
121,20
122,25
123,21
124,24
125,6
126,13
127,13
128,3
129,13
130,2
131,16
132,12
133,17
134,5
135,17
136,14
137,23
138,17
139,3
140,5
141,17
142,21
143,8
144,20
145,17
146,10
147,19
148,8
149,25
150,7
151,8
152,20
153,5
154,3
155,2
156,14
157,21
158,24
159,4
160,0
161,25
162,23
163,5
164,11
165,3
166,4
167,7
168,0
169,16
170,14
171,20
172,0
173,4
174,23
175,21
176,14
177,25
178,17
179,24
180,11
181,9
182,21
183,19
184,8
185,21
186,12
187,6
188,14
189,14
190,5
191,15
192,22
193,5
194,6
195,2
196,4
197,13
198,14
199,25
200,25
201,5
202,9
203,23
204,12
205,0
206,3
207,14
208,25
209,6
210,11
211,14
212,12
213,14
214,12
215,6
216,2
217,3
218,11
219,15
220,4
221,17
222,19
223,25
224,20
225,11
226,7
227,23
228,7
229,22
230,23
231,23
232,24
233,7
234,0
235,7
236,4
237,13
238,20
239,17
240,13
241,15
242,7
243,20
244,0
245,14
246,22
247,22
248,11
249,17
250,10
251,14
252,15
253,16
254,3
255,10
256,3
257,16
258,24
259,16
260,14
261,5
262,25
263,15
264,4
265,8
266,4
267,8
268,21
269,25
270,14
271,10
272,13
273,15
274,4
275,9
276,20
277,9
278,12
279,6
280,13
281,7
282,14
283,22
284,20
285,11
286,13
287,8
288,7
289,16
290,23
291,23
292,14
293,21
294,25
295,14
296,23
297,2
298,7
299,22
300,3
301,7
302,17
303,25
304,4
305,16
306,16
307,15
308,6
309,19
310,0
311,13
312,13
313,4
314,9
315,14
316,5
317,25
318,17
319,4
320,22
321,18
322,14
323,2
324,23
325,5
326,25
327,12
328,9
329,7
330,4
331,23
332,17
333,3
334,7
335,15
336,14
337,23
338,7
339,25
340,11
341,11
342,25
343,20
344,25
345,4
346,8
347,12
348,13
349,2
350,4
351,5
352,5
353,22
354,8
355,13
356,13
357,17
358,3
359,13
360,23
361,21
362,9
363,13
364,8
365,17
366,1
367,22
368,14
369,0
370,25
371,16
372,1
373,22
374,15
375,12
376,17
377,12
378,25
379,10
380,3
381,4
382,14
383,24
384,6
385,14
386,7
387,22
388,25
389,25
390,13
391,11
392,6
393,12
394,10
395,11
396,20
397,14
398,5
399,24
400,16
401,9
402,22
403,23
404,22
405,10
406,0
407,19
408,3
409,13
410,4
411,10
412,25
413,3
414,17
415,20
416,15
417,4
418,13
419,14
420,7
421,6
422,4
423,24
424,17
425,17
426,24
427,9
428,25
429,20
430,9
431,20
432,4
433,15
434,5
435,20
436,8
437,21
438,16
439,14
440,14
441,13
442,13
443,1
444,18
445,13
446,9
447,6
448,9
449,7
450,21
451,3
452,14
453,3
454,23
455,17
456,8
457,21
458,17
459,9
460,8
461,23
462,20
463,14
464,15
465,0
466,8
467,11
468,14
469,13
470,15
471,12
472,10
473,7
474,0
475,10
476,0
477,4
478,5
479,14
480,3
481,23
482,15
483,5
484,12
485,0
486,15
487,14
488,24
489,23
490,10
491,10
492,12
493,12
494,20
495,12
496,12
497,11
498,0
499,10
500,8
501,12
502,8
503,16
504,4
505,10
506,4
507,17
508,24
509,17
510,12
511,13
512,14
513,25
514,12
515,2
516,7
517,25
518,11
519,10
520,12
521,15
522,10
523,15
524,25
525,11
526,20
527,24
528,2
529,17
530,15
531,0
532,6
533,20
534,11
535,16
536,23
537,5
538,14
539,12
540,16
541,23
542,2
543,13
544,24
545,10
546,22
547,10
548,15
549,5
550,0
551,2
552,15
553,4
554,16
555,25
556,16
557,17
558,24
559,23
560,9
561,20
562,16
563,15
564,16
565,3
566,2
567,24
568,11
569,3
570,5
571,18
572,3
573,11
574,5
575,17
576,10
577,23
578,21
579,3
580,0
581,17
582,20
583,14
584,16
585,12
586,25
587,7
588,21
589,8
590,25
591,25
592,16
593,2
594,8
595,3
596,22
597,5
598,0
599,12
600,5
601,16
602,7
603,15
604,15
605,20
606,7
607,14
608,25
609,3
610,14
611,23
612,22
613,12
614,16
615,5
616,4
617,12
618,16
619,15
620,10
621,9
622,2
623,13
624,3
625,14
626,2
627,20
628,16
629,22
630,17
631,4
632,14
633,20
634,0
635,3
636,13
637,4
638,6
639,13
640,25
641,17
642,5
643,6
644,21
645,9
646,23
647,4
648,0
649,15
650,4
651,10
652,0
653,14
654,5
655,14
656,20
657,13
658,3
659,22
660,0
661,5
662,25
663,25
664,13
665,20
666,23
667,7
668,19
669,25
670,9
671,0
672,11
673,14
674,22
675,13
676,12
677,12
678,17
679,22
680,7
681,19
682,12
683,13
684,13
685,20
686,25
687,6
688,14
689,4
690,20
691,5
692,17
693,3
694,10
695,16
696,25
697,4
698,8
699,0
700,5
701,3
702,3
703,24
704,5
705,5
706,11
707,20
708,12
709,13
710,11
711,21
712,25
713,5
714,12
715,7
716,23
717,0
718,13
719,20
720,23
721,12
722,14
723,9
724,13
725,17
726,20
727,13
728,5
729,19
730,1
731,24
732,18
733,8
734,1
735,3
736,25
737,14
738,7
739,7
740,9
741,4
742,24
743,6
744,9
745,9
746,11
747,17
748,11
749,6
750,15
751,23
752,17
753,22
754,6
755,22
756,23
757,21
758,16
759,2
760,6
761,13
762,2
763,8
764,4
765,7
766,25
767,7
768,25
769,0
770,2
771,23
772,16
773,23
774,9
775,25
776,10
777,22
778,15
779,1
780,3
781,20
782,13
783,23
784,16
785,14
786,17
787,3
788,22
789,5
790,25
791,7
792,4
793,22
794,11
795,4
796,15
797,6
798,13
799,4
800,22
801,25
802,25
803,15
804,12
805,14
806,12
807,9
808,5
809,9
810,17
811,25
812,5
813,22
814,18
815,16
816,25
817,16
818,5
819,23
820,18
821,25
822,0
823,23
824,10
825,20
826,16
827,0
828,14
829,4
830,20
831,3
832,20
833,17
834,12
835,3
836,17
837,16
838,18
839,4
840,25
841,3
842,10
843,5
844,25
845,13
846,4
847,22
848,25
849,12
850,13
851,6
852,3
853,8
854,10
855,10
856,11
857,22
858,14
859,7
860,24
861,14
862,5
863,17
864,13
865,16
866,4
867,15
868,17
869,14
870,16
871,13
872,8
873,8
874,3
875,4
876,3
877,16
878,18
879,19
880,10
881,13
882,7
883,11
884,16
885,21
886,11
887,13
888,5
889,12
890,13
891,3
892,9
893,3
894,25
895,13
896,24
897,21
898,17
899,25
900,5
901,8
902,24
903,4
904,23
905,23
906,10
907,15
908,12
909,5
910,23
911,2
912,15
913,12
914,4
915,16
916,7
917,23
918,13
919,9
920,11
921,9
922,14
923,4
924,5
925,10
926,25
927,25
928,18
929,20
930,7
931,11
932,9
933,2
934,7
935,20
936,5
937,20
938,14
939,8
940,5
941,1
942,16
943,22
944,17
945,13
946,23
947,8
948,4
949,13
950,6
951,14
952,5
953,25
954,6
955,25
956,25
957,16
958,10
959,16
960,14
961,23
962,21
963,3
964,15
965,17
966,4
967,0
968,25
969,13
970,9
971,25
972,14
973,9
974,24
975,4
976,2
977,7
978,20
979,18
980,25
981,22
982,6
983,12
984,6
985,7
986,8
987,12
988,13
989,2
990,13
991,0
992,10
993,22
994,10
995,9
996,5
997,20
998,16
999,9
1000,25
1001,19
1002,21
1003,14
1004,16
1005,16
1006,22
1007,5
1008,4
1009,25
1010,7
1011,13
1012,7
1013,16
1014,10
1015,17
1016,17
1017,7
1018,11
1019,10
1020,9
1021,8
1022,15
1023,2
1024,2
1025,24
1026,20
1027,14
1028,22
1029,3
1030,22
1031,9
1032,15
1033,7
1034,4
1035,7
1036,12
1037,7
1038,17
1039,17
1040,25
1041,13
1042,3
1043,15
1044,3
1045,4
1046,17
1047,17
1048,10
1049,13
1050,22
1051,8
1052,25
1053,15
1054,14
1055,10
1056,23
1057,16
1058,20
1059,3
1060,13
1061,22
1062,9
1063,17
1064,7
1065,1
1066,8
1067,25
1068,16
1069,23
1070,24
1071,1
1072,21
1073,10
1074,17
1075,25
1076,20
1077,3
1078,15
1079,9
1080,2
1081,25
1082,6
1083,13
1084,4
1085,13
1086,9
1087,0
1088,10
1089,0
1090,10
1091,10
1092,21
1093,4
1094,23
1095,6
1096,24
1097,3
1098,5
1099,20
1100,25
1101,19
1102,15
1103,14
1104,25
1105,22
1106,1
1107,14
1108,10
1109,23
1110,24
1111,8
1112,6
1113,17
1114,15
1115,25
1116,15
1117,0
1118,15
1119,1
1120,6
1121,19
1122,13
1123,3
1124,3
1125,20
1126,7
1127,5
1128,16
1129,7
1130,17
1131,17
1132,21
1133,13
1134,14
1135,23
1136,17
1137,13
1138,2
1139,13
1140,9
1141,15
1142,5
1143,0
1144,7
1145,4
1146,15
1147,13
1148,20
1149,6
1150,14
1151,16
1152,25
1153,8
1154,11
1155,13
1156,21
1157,8
1158,0
1159,23
1160,13
1161,20
1162,0
1163,12
1164,5
1165,5
1166,8
1167,3
1168,21
1169,3
1170,25
1171,17
1172,25
1173,9
1174,17
1175,20
1176,8
1177,0
1178,23
1179,10
1180,4
1181,15
1182,8
1183,3
1184,10
1185,11
1186,3
1187,13
1188,16
1189,25
1190,11
1191,23
1192,12
1193,13
1194,25
1195,5
1196,19
1197,12
1198,15
1199,6
1200,4
1201,4
1202,11
1203,25
1204,12
1205,22
1206,22
1207,14
1208,5
1209,5
1210,6
1211,5
1212,12
1213,11
1214,4
1215,15
1216,25
1217,14
1218,7
1219,10
1220,6
1221,9
1222,23
1223,16
1224,7
1225,13
1226,7
1227,17
1228,9
1229,25
1230,22
1231,15
1232,21
1233,18
1234,13
1235,25
1236,25
1237,10
1238,18
1239,20
1240,13
1241,25
1242,17
1243,16
1244,13
1245,22
1246,24
1247,12
1248,3
1249,25
1250,13
1251,25
1252,21
